-580	0.952225
-579	0.955667
-578	0.955824
-577	0.955894
-576	0.958636
-575	0.956662
-574	0.95647
-573	0.95806
-572	0.958549
-571	0.957378
-570	0.953221
-569	0.957501
-568	0.958357
-567	0.957571
-566	0.957413
-565	0.95633
-564	0.957274
-563	0.959055
-562	0.959108
-561	0.959108
-560	0.959806
-559	0.959719
-558	0.958689
-557	0.959195
-556	0.958968
-555	0.958636
-554	0.957064
-553	0.954898
-552	0.951789
-551	0.950723
-550	0.949675
-549	0.951562
-548	0.952068
-547	0.950688
-546	0.947684
-545	0.949465
-544	0.948295
-543	0.945989
-542	0.945203
-541	0.94419
-540	0.943928
-539	0.943299
-538	0.940924
-537	0.939788
-536	0.942059
-535	0.94019
-534	0.942898
-533	0.940749
-532	0.940627
-531	0.938653
-530	0.939631
-529	0.938862
-528	0.941622
-527	0.943771
-526	0.943823
-525	0.942059
-524	0.941098
-523	0.941553
-522	0.938985
-521	0.93481
-520	0.929412
-519	0.931072
-518	0.928452
-517	0.939893
-516	0.938356
-515	0.938094
-514	0.940557
-513	0.941029
-512	0.940836
-511	0.939002
-510	0.935526
-509	0.935317
-508	0.938094
-507	0.938845
-506	0.939928
-505	0.937954
-504	0.937884
-503	0.936609
-502	0.936487
-501	0.935509
-500	0.937325
-499	0.935928
-498	0.933762
-497	0.932888
-496	0.934705
-495	0.930845
-494	0.933709
-493	0.935229
-492	0.93474
-491	0.9335
-490	0.930111
-489	0.930286
-488	0.931421
-487	0.929849
-486	0.93198
-485	0.930268
-484	0.932539
-483	0.932067
-482	0.933238
-481	0.933587
-480	0.931963
-479	0.932033
-478	0.929674
-477	0.930635
-476	0.932574
-475	0.93095
-474	0.930618
-473	0.928958
-472	0.927561
-471	0.928714
-470	0.92943
-469	0.925535
-468	0.926216
-467	0.924609
-466	0.922041
-465	0.920609
-464	0.920329
-463	0.918792
-462	0.917604
-461	0.918547
-460	0.917849
-459	0.918687
-458	0.918652
-457	0.91549
-456	0.917657
-455	0.916119
-454	0.916591
-453	0.915997
-452	0.916591
-451	0.914827
-450	0.914809
-449	0.913115
-448	0.915036
-447	0.913097
-446	0.912172
-445	0.911141
-444	0.909045
-443	0.908818
-442	0.907385
-441	0.906617
-440	0.906984
-439	0.904888
-438	0.903176
-437	0.901359
-436	0.900259
-435	0.899141
-434	0.898162
-433	0.897184
-432	0.89783
-431	0.895158
-430	0.894215
-429	0.894966
-428	0.894285
-427	0.890808
-426	0.889149
-425	0.888031
-424	0.888345
-423	0.885219
-422	0.884939
-421	0.882494
-420	0.880817
-419	0.880083
-418	0.878459
-417	0.877201
-416	0.877323
-415	0.877218
-414	0.876328
-413	0.873934
-412	0.873393
-411	0.872397
-410	0.872677
-409	0.870947
-408	0.869375
-407	0.869253
-406	0.867
-405	0.863244
-404	0.864904
-403	0.86693
-402	0.864327
-401	0.865655
-400	0.86527
-399	0.863628
-398	0.864257
-397	0.867017
-396	0.865463
-395	0.863139
-394	0.862528
-393	0.861637
-392	0.861427
-391	0.860135
-390	0.859698
-389	0.857672
-388	0.857567
-387	0.856851
-386	0.859628
-385	0.859943
-384	0.859069
-383	0.858458
-382	0.857392
-381	0.857654
-380	0.857864
-379	0.856659
-378	0.85465
-377	0.855471
-376	0.852798
-375	0.851331
-374	0.850528
-373	0.848222
-372	0.848624
-371	0.848676
-370	0.848955
-369	0.847436
-368	0.846073
-367	0.843715
-366	0.843453
-365	0.842912
-364	0.840833
-363	0.840274
-362	0.839732
-361	0.839104
-360	0.83954
-359	0.837706
-358	0.837269
-357	0.836623
-356	0.836064
-355	0.83306
-354	0.833147
-353	0.829007
-352	0.82616
-351	0.829234
-350	0.830824
-349	0.83126
-348	0.830247
-347	0.831208
-346	0.83299
-345	0.832728
-344	0.831138
-343	0.830824
-342	0.827732
-341	0.829776
-340	0.827627
-339	0.82595
-338	0.826666
-337	0.824832
-336	0.82181
-335	0.820727
-334	0.817112
-333	0.81519
-332	0.813793
-331	0.813094
-330	0.812081
-329	0.812745
-328	0.813985
-327	0.812063
-326	0.811539
-325	0.814177
-324	0.815103
-323	0.815312
-322	0.815609
-321	0.814736
-320	0.814806
-319	0.814701
-318	0.814718
-317	0.813775
-316	0.81636
-315	0.817007
-314	0.816483
-313	0.816972
-312	0.816605
-311	0.815801
-310	0.815644
-309	0.816343
-308	0.814596
-307	0.816413
-306	0.815627
-305	0.817024
-304	0.816029
-303	0.816308
-302	0.815015
-301	0.813356
-300	0.813059
-299	0.814596
-298	0.813007
-297	0.811522
-296	0.810666
-295	0.811487
-294	0.811487
-293	0.809059
-292	0.809985
-291	0.810928
-290	0.811941
-289	0.8125
-288	0.81271
-287	0.812849
-286	0.813304
-285	0.812622
-284	0.811172
-283	0.811627
-282	0.812168
-281	0.8114
-280	0.812221
-279	0.810753
-278	0.810631
-277	0.810771
-276	0.808937
-275	0.808447
-274	0.807923
-273	0.807522
-272	0.80822
-271	0.808622
-270	0.808325
-269	0.808657
-268	0.809565
-267	0.808465
-266	0.809985
-265	0.81002
-264	0.81091
-263	0.808727
-262	0.811574
-261	0.811225
-260	0.810893
-259	0.811469
-258	0.811679
-257	0.810998
-256	0.80836
-255	0.808203
-254	0.808867
-253	0.80684
-252	0.807242
-251	0.806002
-250	0.807242
-249	0.808657
-248	0.805233
-247	0.806718
-246	0.807207
-245	0.807801
-244	0.80719
-243	0.80567
-242	0.807452
-241	0.804377
-240	0.806054
-239	0.806247
-238	0.802543
-237	0.802805
-236	0.805862
-235	0.805705
-234	0.808535
-233	0.808814
-232	0.808168
-231	0.806613
-230	0.804412
-229	0.803312
-228	0.80174
-227	0.799923
-226	0.800185
-225	0.801478
-224	0.800535
-223	0.798683
-222	0.798473
-221	0.79774
-220	0.79601
-219	0.794892
-218	0.794473
-217	0.794194
-216	0.792971
-215	0.794595
-214	0.794508
-213	0.792202
-212	0.791207
-211	0.790525
-210	0.791661
-209	0.79091
-208	0.790735
-207	0.790106
-206	0.789547
-205	0.789407
-204	0.78918
-203	0.790421
-202	0.791643
-201	0.791486
-200	0.790578
-199	0.78967
-198	0.78677
-197	0.784831
-196	0.785407
-195	0.787084
-194	0.788237
-193	0.787591
-192	0.786386
-191	0.786263
-190	0.784726
-189	0.784429
-188	0.782054
-187	0.783503
-186	0.783171
-185	0.782805
-184	0.782595
-183	0.782228
-182	0.780516
-181	0.782071
-180	0.783102
-179	0.784394
-178	0.78663
-177	0.786927
-176	0.782682
-175	0.786281
-174	0.78256
-173	0.781949
-172	0.78415
-171	0.784412
-170	0.784918
-169	0.78677
-168	0.782892
-167	0.782455
-166	0.781285
-165	0.781617
-164	0.782927
-163	0.781529
-162	0.778036
-161	0.778176
-160	0.778071
-159	0.776656
-158	0.776883
-157	0.776726
-156	0.776411
-155	0.776726
-154	0.77442
-153	0.775224
-152	0.771852
-151	0.77173
-150	0.772743
-149	0.775783
-148	0.77187
-147	0.771485
-146	0.774944
-145	0.774892
-144	0.774665
-143	0.771608
-142	0.771328
-141	0.769267
-140	0.771328
-139	0.772359
-138	0.772446
-137	0.77173
-136	0.769337
-135	0.769931
-134	0.768691
-133	0.76904
-132	0.7678
-131	0.769162
-130	0.768516
-129	0.766507
-128	0.764219
-127	0.764271
-126	0.762245
-125	0.763415
-124	0.763241
-123	0.76083
-122	0.763433
-121	0.762559
-120	0.760725
-119	0.757529
-118	0.756917
-117	0.758157
-116	0.756096
-115	0.753913
-114	0.755642
-113	0.753022
-112	0.753162
-111	0.750716
-110	0.748026
-109	0.748934
-108	0.749092
-107	0.748987
-106	0.748865
-105	0.747956
-104	0.747397
-103	0.745179
-102	0.744602
-101	0.744899
-100	0.743362
-99	0.74062
-98	0.740113
-97	0.739187
-96	0.737441
-95	0.73627
-94	0.736323
-93	0.734663
-92	0.734122
-91	0.735117
-90	0.733877
-89	0.731519
-88	0.732305
-87	0.732078
-86	0.731484
-85	0.730943
-84	0.732008
-83	0.733912
-82	0.736986
-81	0.740445
-80	0.742663
-79	0.742803
-78	0.743956
-77	0.744096
-76	0.746471
-75	0.747258
-74	0.748795
-73	0.749563
-72	0.751904
-71	0.751817
-70	0.753895
-69	0.75421
-68	0.75421
-67	0.752463
-66	0.754454
-65	0.755205
-64	0.756166
-63	0.757511
-62	0.757861
-61	0.757197
-60	0.756603
-59	0.757109
-58	0.755834
-57	0.75793
-56	0.758245
-55	0.760027
-54	0.759625
-53	0.759817
-52	0.759537
-51	0.758961
-50	0.757476
-49	0.75821
-48	0.758454
-47	0.758699
-46	0.759101
-45	0.758454
-44	0.758647
-43	0.759834
-42	0.760184
-41	0.759275
-40	0.758227
-39	0.76069
-38	0.763538
-37	0.761022
-36	0.762123
-35	0.760463
-34	0.761948
-33	0.764428
-32	0.764463
-31	0.763782
-30	0.761738
-29	0.761162
-28	0.76111
-27	0.762105
-26	0.762507
-25	0.761057
-24	0.760428
-23	0.75931
-22	0.759188
-21	0.759555
-20	0.757616
-19	0.755537
-18	0.758926
-17	0.758629
-16	0.759031
-15	0.759468
-14	0.757738
-13	0.758297
-12	0.758053
-11	0.757738
-10	0.757738
-9	0.757074
-8	0.753144
-7	0.755101
-6	0.756847
-5	0.757179
-4	0.757406
-3	0.75938
-2	0.759625
-1	0.757738
